	大兴区	朝阳区	北京	南京	北京南	北京西	上海虹桥	杭州东	天津
大兴区	0	0	0	1100	0	0	1300	1270	103
朝阳区	0	0	0	1100	0	0	1300	1270	103
北京	0	0	0	1100	0	0	1300	1270	103
南京	1100	1100	1100	0	1100	1100	360	276	900
北京南	0	0	0	1100	0	0	1300	1270	103
北京西	0	0	0	1100	0	0	1300	1270	103
上海虹桥	1300	1300	1300	360	1300	1300	0	176	1100
杭州东	1270	1270	1270	276	1270	1270	176	0	1232
天津	103	103	103	900	103	103	1100	1232	0